Techniques=DPX@DPXCineon.fx
TechniqueSorting=DPX@DPXCineon.fx

[DPXCineon.fx]
Colorfulness=2.500000
Contrast=0.000000
RGB_C=0.360000,0.360000,0.340000
RGB_Curve=8.000000,8.000000,8.000000
Saturation=3.500000
Strength=0.050000
